-4.044215693054130562e-05
-4.332919031597056152e-05
9.573003193790921963e-05
-3.705211361010626154e-04
-3.181734886074156559e-09
3.026344163991198027e-08
2.004567507254775035e-05
-9.107865235523830442e-06
-1.456123447819514265e-08
-1.030986512115230795e-08
-1.364598618966288890e-05
7.554462746840322712e-09
-1.653237453757949956e-09
-3.653921757795921377e-08
2.449682729784505620e-10
1.405609139470608698e-06
-3.135249152980793493e-06
-6.856432965039875838e-09
5.126399218637923622e-08
1.577825884113228439e-08
-4.950715741634593768e-09
8.627725771706551677e-06
-1.904400005822205205e-09
7.324951944183423575e-08
1.738204082876041263e-09
-4.871324577862936845e-08
5.130762089063918761e-10
8.089045134832733078e-08
