-3.690908694726148558e-05
-4.317514112726466560e-05
9.526395118108945802e-05
-4.487812994180703460e-04
2.911995407074449791e-04
2.339026775020222279e-04
-1.786074543675608957e-05
-2.279201034402362110e-06
3.385203316486734402e-05
-3.312852021986396543e-06
3.631266940069400587e-06
-2.239497157375377461e-05
-1.958504201776255322e-05
3.041455776414682367e-05
8.244258414836163097e-06
-1.886098998145761029e-06
1.015920113058597712e-05
-9.555446622973996362e-07
-5.189020243432578510e-06
2.519231414740254049e-06
1.601606276406138097e-05
2.400152541165712270e-06
6.606104113857659126e-06
6.392280166041120938e-06
-6.862174009656969105e-06
-6.918790031314565680e-06
6.784187571610631246e-06
2.947679589107364530e-06
