-1.267773851621322036e-06
6.163160147856783605e-11
3.022788964039733023e-07
3.829268057844563399e-06
8.208105274600149402e-12
-9.910364830789504499e-10
-1.049210715082929943e-09
-2.533959089804796724e-12
-3.704269957384997510e-08
9.120302085062231907e-13
-2.022710539420881283e-07
-3.557023074489798756e-11
4.276059707719590048e-12
-3.402538353224676360e-09
-1.345760644788011786e-12
1.537457564650337202e-10
5.271476325493437391e-07
2.742974823849955136e-12
-5.044764684791158758e-08
-4.983465893737357931e-11
-1.302882603133839196e-06
6.099520665609667955e-07
1.258676208957422725e-11
5.227274958851206036e-10
-1.966895973780847787e-12
-5.456541018803040964e-09
-8.084979694542809575e-13
1.170192769791257791e-08
